1 1
5 5
329085 997514
272759 527311
788549 481741
534 497985
28745 119497
41745 145333
77602 382696
88156 358121
111939 87698
127399 386402
144400 411391
167940 154988
190349 731791
213582 871600
237180 790161
26 36 
246 256 
221 231 
486 496 
139 149 
222 232 
111 121 
338 348 
54 64 
406 416 
922 926
643 128
667 65
711 909
954 14
537 685
417 643
399 420
426 619
830 214
667 257
628 302
253 102
448 801
472 535
786 876
596 72
684 490
228 823
718 579
73626 74908
769126 773157
216389 220288
702910 704489
460776 465031
739726 742145
75156 78812
603708 608319
276781 277322
268001 268848
76393 79860
58068 59602
741367 746236
869985 872133
479612 481181
177561 182252
303416 305000
803203 806072
129095 130889
78256 82297
708484 710680
361901 363972
754888 755999
495313 499090
564240 568838
528693 531526
413053 416337
462339 464644
47540 49595
117607 121418
589733 593578
178723 180936
929641 932466
393535 396359
24837 25287
96925 97947
328140 331933
893483 893536
8713 8817
6170 3386
3985 3113
3307 5129
3295 3624
7732 8114
2176 5080
4728 2511
319278 280513
288499 248320
330191 386355
279751 231087
375159 324420
218108 370204
274537 225343
325025 368568
345805 242269